75.2
75.3
75.1
75.5
75.6
75.3
75.7
75.2
75.4
75.6
75.0
74.9
75.3
75.8
75.9
75.6
75.1
74.8
75.0
75.3
75.7
75.2
75.5
75.3
75.4
75.1
74.7
75.2
75.0
75.4
75.3
75.5
75.7
75.8
75.2
75.0
75.6
75.3
75.1
75.4
75.7
75.2
75.0
75.5
75.6
75.4
75.7
75.1
75.0
75.2
75.5
75.3
75.6
75.0
75.4
75.1
75.7
75.3
75.6
75.2
75.4
75.8
75.1
75.0
75.3
75.5
75.4
75.2
75.0
75.7
75.6
75.3
75.4
75.1
75.2
75.0
75.3
75.5
75.6
75.4
75.7
75.2
75.0
75.1
75.3
75.5
75.2
75.7
75.6
75.0
75.3
75.2
75.1
75.4
75.7
75.5
75.6
75.3
75.0
75.4
75.2
